2222.0377020217375 1.1861447862196515
5347.583119353052 1.329932588262929
200414.91200414643 1.6742397224028016
195909.80854185563 1.116548017942131
255860.9953930335 2.3502187369401466
93076.34694032565 2.2333904434806864
99967.04074034884 2.4564784543733964
36431.08401540696 1.5882230928555805
240542.08374010408 0.16169315956773447
8831.230925961758 0.3793172806930127
19331.591111712893 2.783066949553317
123022.45294248594 0.02861294028850153
47935.60273735477 1.649351544667405
221144.2812605311 0.13585203403027984
159412.86791932647 0.6538893579805731
132878.70330119992 0.8749912007562652
234948.73278172483 1.107952727713011
25988.744752709445 0.998438730541737
83655.70734162236 1.2602857169667834
186345.99565232778 1.6351729019884178
84068.61230364133 2.6804272879757733
253739.9178402357 1.5032075835442305
6623.092912300405 1.6813743283865963
33138.28744723075 2.185741998973663
238608.78180595144 1.2631333068860349
126030.04666358892 2.455458842643615
219517.5271274605 1.644665974912728
68552.25230062628 0.46553924500106214
192676.71329457246 2.5855144524001226
110195.46824832686 2.3043909456660776
234708.04485985296 1.906651674354091
251684.15937776814 0.9673502507242633
196114.10078288487 2.0757602372873483
164512.49451501275 2.6827193198144217
221982.4842619758 0.2913006090313116
131957.0062394556 1.7196809460025262
176954.6128596328 1.3357618952999546
247157.09017971874 1.0836954912392547
88315.66331130503 2.333387842508053
246739.973071596 2.748999307394011
110215.93296080474 2.7458712754832133
44377.568194556196 0.1207960190344158
131184.55833662025 0.2989263338350084
37305.75485959034 1.154693684558012
90870.6404977303 1.0759596934639524
29149.720275326625 1.3158596350488097
255868.48883635734 0.00927554883379915
108366.11368024108 0.16578712610521007
74937.59584130897 0.7252560411833381
98716.94100226992 1.8719906680351155
62344.08055953674 1.1350810229293395
201514.7885549543 1.466413940785622
113946.54573199438 2.5504904339141623
44122.94867507113 1.8364389099564666
61386.51702285595 0.11158578019762101
99188.61538676324 0.5512312106863179
88215.14003216854 1.4155821575372871
64519.603356245454 1.1143888904208121
142043.33782816524 0.7182026961967443
244887.08303530852 1.3909890388305772
141561.43712444682 0.6591730839646313
102597.49357170597 1.2526593714715046
227839.28432110153 1.9665315310321303
84207.74995597712 0.032175000897148316
59201.04079050222 0.772892058111268
36711.09821455186 1.2203260293987186
87307.93636320802 2.5885379731773512
43702.71310205895 1.4527704854773793
200975.2700778924 2.6736382448972544
200457.36280133092 1.4244179355581887
231435.0277418743 0.8488090797109721
102656.85649744234 0.5799937772714314
146431.01312747592 1.5280785410504225
64501.799716461166 0.5785962278045185
169578.7940425022 2.809295297029409
243463.7063410609 1.1044023386917652
188877.88430923835 0.65567859715803
79644.33786031537 1.8472269829930783
120082.37726724711 0.864417580105701
141725.2597448498 2.3376103666342574
209598.8356297802 1.2704139565359402
44266.05537500187 1.1698327308758254
176258.13556103938 2.309067370260097
105310.63192870346 2.309030154502815
91539.23306374432 2.5670649251713544
199157.55885124073 2.323274735767476
137098.77452219854 1.8818437568739725
231856.79140771387 1.1754940014892625
212233.71081857174 2.5611093991568046
1055.8314941399472 1.8622567348553178
51864.19022836008 1.9880285079508984
112090.69807502489 2.0240192919979316
133985.12532341672 2.4094445028000004
89608.8278307152 2.03895850771685
88968.6076474611 0.39082387295789506
133902.1827365355 2.4498346369490887
38245.30691245697 0.23774410970953938
93165.51563961945 0.39492635685034205
28276.705426487508 2.55003388684646
202092.7315619836 0.5961860239916517