5920.045040124751 0.12010504041693554 0.010285670904794425
8466.95664331761 0.08939207117215457 0.008101306941659479
17253.590268463395 0.1711477200314336 0.0065428520048003095
21324.278305598957 0.058591688351027356 0.026865485743809515
23074.07754783007 0.1488322077988034 0.024966872516633116
15556.367817123864 0.05237279690231173 0.029226872521588784
23184.2878520675 0.10887094324255545 0.00420773542282406
23448.24494930516 0.05090900591390257 0.020630408865471666
8860.204929766938 0.07397695202253902 0.026860732871201234
6950.194159165779 0.09632437995705183 0.025083155464172984
24790.19693133447 0.16058754283148996 0.030781136317554317
21167.26062980802 0.0525492331410538 0.003934218071507636
5405.544445832156 0.08653177453335312 0.011984261905099861
17760.26161216989 0.09164015045944789 0.02712515064448039
987.0673443323986 0.08691614790304925 0.0016025669839166744
3643.5655174614817 0.055302725077665774 0.008738612240151671
3142.828139824764 0.01680905520128167 0.02731894781759933
358.1013935991393 0.054996567777819 0.0049013449722709965
6008.4765059141155 0.10340009928528308 0.014931255680250104
5092.067213306805 0.0765374877005904 0.030830471707703547
14345.199871775963 0.04825764606684786 0.005742913961936136
21875.20563470319 0.11397775444073593 0.03453262450078344
7850.677589916023 0.08584964433324486 0.0262852720893242
17433.053710898883 0.1391094159527756 0.007001973562302746
23261.692541900095 0.16614424365804634 0.02820667284318545
12758.146186427492 0.15383650118175143 0.005712912452913724
16988.924363152273 0.011963562171419665 0.0014179592559760677
14074.028290857865 0.03583717301966329 0.0045542539093243834
7264.81039559479 0.16159672988301602 0.009645501506790744
2532.0863075754014 0.14978469272738668 0.02718189330439322
9938.599530467152 0.07588409954260317 0.00428912583274892
606.5581338548394 0.17038990660952907 0.0328349220571752
6498.127460486646 0.00755078991687024 0.006640720723316326
9468.830082051627 0.12178143543001396 0.012225589883029565
19965.016300158404 0.1461831252378154 0.001150532245214981
23722.94599725324 0.11339444517015558 0.0013898868909648456
20417.33462880605 0.10507216489407455 0.01778555010339974
6407.504368707458 0.1108565896627986 0.004647488767727202
5661.413859949509 0.010039651986653327 0.03039246909715789
3450.7336631144594 0.04344955590985877 0.006066687044079906
10476.199600293452 0.09034326955537027 0.0029016216211353463
6936.3474354137825 0.045825875373835076 0.02956067598126665
22732.06417592026 0.02965826934961414 0.02257805652122467
19769.32327700489 0.13455515165170678 0.01249376439639871
7622.796208860924 0.09740714927037523 0.017327360049928093
13198.65901888024 0.1657247158071229 0.015644825275229785
18411.39352314023 0.11518555830913393 0.03444149625906739
11232.978222805692 0.09698036780312884 0.021032167517520295
13874.000903161652 0.07259133678063319 0.014620232891426865
13471.333631197715 0.12268538229142913 0.0019975283757816117
8029.869605546365 0.12804404614061937 0.011457572007504812
8278.755377335361 0.04503088685868835 0.03472811231212727
7433.056128063734 0.10356820406260694 0.03075781370802888
1253.301798425295 0.1434695850042483 0.015040306324525176
25042.241295185693 0.0678724332824037 0.024810384871441753
7122.762548346633 0.11435033726019007 0.018119425696202625
732.0922369732915 0.09230117375207712 0.023396903347652022
11866.55498526318 0.02463917330341696 0.011216878549364217
19350.261464683495 0.01465241624801027 0.007160620281930336
19997.468703909133 0.03450694672035885 0.022884574482492256
2446.171333420648 0.010500623530452944 0.01930394350363065
16125.71247313462 0.12660089350213646 0.004954388577163691
293.2226311023984 0.14580292271773018 0.03204810996247271
20753.807836304677 0.07556201499491928 0.006616868999074253
19856.966504586744 0.04446031642403521 0.022822752288381716
4067.889006285062 0.08130063809977442 0.010696126873151537
15802.825546042508 0.07053668172083052 0.02880938543643918
1242.5648689724592 0.12202584136727587 0.004502530978929944
16275.080874440731 0.06701831560887582 0.03234831768155257
18331.02546433907 0.1231446387842577 0.026009030502726526
22250.770300372278 0.10594746715505031 0.010697328890942746
21080.32853810979 0.08171019211463064 0.014256520621398735
378.08156361915934 0.15621736133021286 0.03104013792033575
2328.3921083751875 0.11409668160927777 0.027001060256665443
1064.085388303844 0.15539445372600533 0.01575485467147351
11762.626784667265 0.11912062126894091 0.026281276421999167
5651.381997626399 0.13600246469942628 0.015714949671241804
7299.598620890598 0.16747942502536442 0.025906863105982596
14683.811727103828 0.0712059377477156 0.03275043095922971
8975.400945847114 0.02852806441538964 0.014080323522263547
8817.718479892263 0.16113866820688735 0.014888155950972547
13581.165853467934 0.0408491134510403 0.013524288031290832
9963.547045925015 0.012558843609261775 0.030014097992880694
3488.7204999852033 0.0958447864042496 0.017933237364674517
1722.5458604578055 0.0501887553850496 0.008558366314055143
16169.561453462864 0.05102817889407804 0.011328616173676339
17361.170443025763 0.1428815052369524 0.012208597729762573
10926.61792382088 0.05802486741775188 0.00904652215576167
14236.225317237739 0.04898558178366716 0.01649213087906404
14169.733526369822 0.05003517416470751 0.015194545796728576
1389.6161554014868 0.018247410137004705 0.03321951823688239
23988.435518276343 0.07755654534113209 0.021116346747237304
21629.360738837084 0.07128004984968396 0.0037244339784924087
21638.019760614894 0.11111680122910939 0.022729168930157424
21535.06705226514 0.1274480196436588 0.017902182343680118
8397.915354906272 0.10373728765067244 0.022841235732759476
24237.18529141935 0.1606060415627432 0.0033058812505104835
2203.667299244802 0.010730476782664432 0.022427131377349314
1253.8560248344636 0.005512299095755861 0.002283271590086904
17405.59105516092 0.12149059141247533 0.022716140315539736
22821.461839889842 0.014768820020120029 0.007060388026428332
12187.196624384489 0.014184452227450132 0.02752580963421171
20035.86520881498 0.12771409996317884 0.02901611749288102
13543.754249343849 0.05462463675052206 0.006209771405054556
10476.570758267353 0.13302003600847806 0.03383058299317647
8941.394962130456 0.13295641172532177 0.032190159255322655
1753.8955288951972 0.12937751697035144 0.00199194153390386
19595.114301850484 0.07551351986010099 0.02753611342101796
19880.620177574543 0.13469593650516534 0.028392972393542187
3209.4499486948157 0.14164088067581396 0.01793213935693701
24910.290157775442 0.07665251291908991 0.031149961698312315
14106.052885389425 0.0150877179377029 0.033075881230664815
9058.827333312784 0.05123053149388934 0.026966690535661905
4403.826817825583 0.0888733769771681 0.009515294987620188
7244.716750527544 0.15061929968648732 0.03102361671527467
8078.7658653102335 0.09697941345881406 0.006107037083316316
2836.4619199042913 0.03091109978783528 0.008509920229113562
8603.591373093372 0.11173941805278423 0.027050813066671547
21414.40444182536 0.142737009984143 0.008327584854572861
18175.6870073726 0.03806914498992068 0.022264221377791157
21564.806231706985 0.13281498013189466 0.013303032225020231
22306.676493943844 0.10288707871384822 0.0179742189593809
13209.882580532212 0.14333257669483365 0.011988337011428903
9386.37069670795 0.04548832256633789 0.010007381720327254
9409.721361324624 0.13025376758136395 0.00040525824721387115
6482.140673365369 0.08644740727091697 0.031463582298441664
5439.492533837909 0.09520815159920457 0.03218134907034954
2941.110600048572 0.018771388461349944 0.01939853479456223
17720.363951524385 0.049089871538794176 0.016948740556711285
2451.489213889536 0.030003924700823133 0.014415279545415556
13454.551132977625 0.1025206083111473 0.030126443515973995
9565.31888979509 0.14757469026297174 0.0287484734335432
4924.687493366702 0.023870314437522785 0.020206661545648978
12044.448528100735 0.15133763444890644 0.026063473835660798
2632.573699697244 0.04959852899663208 0.020076980350720208
7523.01686822989 0.11756497417373346 0.033826153347165544
14522.886898929934 0.15398378904202542 0.030086701368395332
1273.3877804761041 0.07173936242467391 0.02236671485596096
19332.668442361537 0.09829078174995497 0.008485874901011374
4092.4235535866687 0.006678229235507781 0.020061696127283465
18330.031282772437 0.03052882269725499 0.013473098937304643
15599.6384643138 0.1507853752065571 0.015180367982682876
1142.219041845063 0.05151942744616477 0.026160320627534928
15889.421744055222 0.13671196885166997 0.02498778328530106
11154.155939667928 0.09617611778075608 0.034193922634550226
15680.377210241291 0.08000500546195494 0.014511070819750975
14748.320147562672 0.0021820914407170494 0.014957916150630444
25259.976534422403 0.13203273107014263 0.018062480613107022
23391.468588218144 0.08754235430165057 0.02257538156238345
4933.922555433167 0.03657472140799964 0.02301807631980683
20212.323793114076 0.11524538771137324 0.00877495452253591
16367.356264512056 0.17356490566650506 0.0015814877214698616
10543.75832209841 0.1351553037579728 0.006999444429187218
23089.652124102187 0.16494695089250813 0.029681750025510868
9954.572523309782 0.08770281857829877 0.011270016565245542
7067.343392517842 0.02751349761320236 0.015034681066148995
866.3449237487947 0.13662902875478822 0.027981838300067632
22677.90238978192 0.014718841574266315 0.01983141781552737
17853.360115621028 0.04946773681948637 0.005796286968242051
2598.5976665607836 0.041161802260203384 0.01033587224638758
14675.407971427545 0.04259025294864371 0.008666361773114925
12853.729712209877 0.13264792949428855 0.01985529305789871
19153.664974595355 0.14138314363150623 0.012082749802708443
11542.753570212393 0.12622513708062763 0.01774188289511328
20807.7334584321 0.02361568226652404 0.02147257202339651
13041.008523144414 0.01506777984475293 0.005238587649967103
12010.69030199076 0.07200032027934593 8.814786858849393e-05
18756.67543175649 0.156652577966563 0.017184502646526663
15154.963014147477 0.017361434615136256 0.008542345846732566
25032.515184682554 0.12454635402067844 0.007422045292009112
7699.348152006142 0.13061861972705383 0.002401834084465087
23492.607268374755 0.04001361926041277 0.03399628366562394
11258.311012594413 0.1633605522760417 0.028215646324203217
25201.059615071856 0.11062391714456467 0.02631407651606984
14815.274890938143 0.04053476984452381 0.008586959390706788
10480.803639014957 0.010023926316443561 0.008374101935050657
22311.4482577964 0.06537483201801066 0.018638093648668315
14843.96316840112 0.1324447301792841 0.00919240186873786
2387.6242610854083 0.04663350895754024 0.033723767429123294
14112.93328582077 0.13211233835803374 0.009495672194876676
15729.18499471779 0.07222940780647 0.01567818661678119
19086.25792388765 0.06405855669601353 0.005979366576625236
12278.19634685535 0.141456151384249 0.002931189182909565
7897.600780157123 0.11499847748033983 0.012242595763140202
22771.919835375757 0.08707280703675503 0.025132315773891956
17346.573577089133 0.12327165874249361 0.0008263556458030919
893.1738761980273 0.00043447186397280256 0.0064664254404494725
1396.7462461708535 0.1500205105174321 0.03403591740442461
10183.675045988255 0.05673037098440743 0.009296488544246122
4814.75714099572 0.03575158180912377 0.019964163271287978
18270.042069846957 0.07783661758436153 0.013698371651515344
13722.82844498577 0.029422999068972354 0.017455971770898315
19073.773908403622 0.14905797609812693 0.02632474670775761
6703.423690194364 0.1176265454980425 0.004415776785024939
22590.434551321025 0.027067827461218323 0.021457977749388613
2410.9015246612666 0.006681975340034428 0.02108886567202968
9217.63227162052 0.07217937750902689 0.008094944899759713
8085.2634078313995 0.1259714990474359 0.02257096790680832
16042.975877712473 0.16483126290260347 0.008951306302567531
1929.677871884435 0.009843063924166532 0.03347751681663621
12863.133051781084 0.016345939804458875 0.014563455950259005
25289.130275505744 0.05811579834682987 0.02729622645069084
22545.510978043625 0.15747624196804222 0.028051041227997314
4626.516537754194 0.057538632549445794 0.01925175138392004
25068.836482308874 0.1365331927988432 0.010825540263656386
21254.467930441955 0.1284814236199611 0.010955345498994625
20483.0820231902 0.11129243767910822 0.03217459637130976
7928.446933671631 0.1609205484310415 0.03271944498285944
8245.93811992634 0.10500838061785082 0.00940523820370084
8474.023716412865 0.001565829894056751 0.028326467837981043
11045.811572814444 0.07787722103869706 0.015838695339542904
886.4039501189875 0.14545323477838076 0.01856874913821521
23916.606332592142 0.049451801932637665 0.02417075019829603
9562.139964259482 0.02928244007424168 0.025642746141231618
6723.668783065129 0.03946258204016248 0.008045642787758309
8068.499075255553 0.04396351895481559 0.01676375602938994
15512.686526967631 0.008183266989990678 0.011426800334070177
18703.192386634437 0.0400948956744189 0.007623278958980445
4058.4498564556125 0.09056457099463396 0.025372054582131962
20586.116909735538 0.029037556687352088 0.0038610277055470257
21071.547081657634 0.08326577757361044 0.02778749270094729
10057.40642097674 0.17318522246796372 0.01379755782128065
6885.968278307331 0.15296325769950375 0.010223055257824987
11641.46150641728 0.16450667143383021 0.005743083279934648
4013.3960064625517 0.023484827875117378 0.007965032381294276
18348.36038559533 0.0030100452909452235 0.013173283584792089
5269.457950056145 0.04772218438524175 0.02940633158769964
13046.92910074232 0.16659190276333688 0.0094241291347596
18401.488184293226 0.044852452635746366 0.03436218175896327
15224.094092197409 0.00959578269621328 0.01587659545168147
19003.969486738035 0.08232304644846683 0.03170023537941441
15732.764247870373 0.1513905915756694 0.007807829152254619
14708.351730377266 0.11347577031336384 0.030061506082089802
14238.133719464702 0.12219359067051841 0.022581144491278092
21264.205577573604 0.11568933221368537 0.0029693173643993913
13406.542952974169 0.034140556703440385 0.0035673895475129658
20663.100862538962 0.09375664974162722 0.023917632453379353
23143.748630431728 0.1339414227413032 0.005176932385672717
477.32635481803084 0.054578264728728815 0.025692807027771047
3568.1724167716234 0.038202284427136274 0.020724661775129775
18465.04203187141 0.034194667507316534 0.011828067747770817
23033.582632501137 0.15977332614415102 0.031667361163058884
22941.4791636906 0.14380347128209353 0.031048153492117755
21828.011738880872 0.03296202469905684 0.012628651672649746
19574.824042175176 0.16763425273023747 0.020919630764048302
14950.154725238586 0.13632559964409463 0.021239576828090433
19118.743359256296 0.05284037218178127 0.033754846162594644
10028.145934446346 0.06393912631342712 0.009631725940389895
7463.310339586999 0.016224684779816197 0.03291051492047217
22427.48977383441 0.12474427905647836 0.024670290992442268
8561.502785896013 0.031315920552179854 0.01725534359817701
22735.950544303305 0.09241603261114378 0.002388576287933989
5497.609306450721 0.07506833619192324 0.013219706031928579
13029.776276550798 0.014241107741075655 0.014142680127858897
17135.783220475387 0.16738972833408539 0.021596660172694973
1155.3734893112205 0.12225925901816767 0.008382470187551174
25041.11942217707 0.09301184852403488 0.023383154012576467
22522.94341890715 0.12350478893727648 0.004221288860179101
13475.717307561186 0.02225170999111788 0.008640190363629424
16942.651013540035 0.16161018358756105 0.025870021072533916
10691.7334263344 0.015035425056723725 0.01824521290124214
25166.840055919998 0.06529821290329772 0.023037300381392116
3211.949118992372 0.081352230092814 0.022755773172388884
19426.23263928511 0.0875800966826293 0.003917390968265391
12752.088486789422 0.00022835261825513066 0.032129632444918364
18116.802892508356 0.1463378542832194 0.007219483937072557
16869.59960029166 0.08717575063625657 0.005671808417273536
10272.869170302563 0.16883682303850042 0.019742973729779022
8580.312546531677 0.10177188320816395 0.024854514338134317
1192.3433731312923 0.05112335706325965 0.01607438456735492
21070.724879961785 0.11530077573117724 0.032953686888806503
4497.796359051516 0.08722804243230498 0.03226985350229501
10626.72218020917 0.1440603543206685 0.033416642554930126
546.1584841000818 0.010193259228370997 0.011159781051200612
7550.367013111941 0.14358419921508478 0.01542968227170563
4369.755936014795 0.167055986983271 0.03372728381498278
18653.651525530742 0.15998340775524633 0.019019516798809356
3129.019094228248 0.1431899371833603 0.032669444800452106
15943.043188863048 0.13409582185464405 0.024410814728660028
21027.429335940564 0.08962290796107324 0.00990054145572369
8792.031647560125 0.0886788785710386 0.032947895292124156
20171.533706790844 0.06106082789891196 0.020358438698018375
9650.855368623521 0.04480129679460762 0.027889175596069578
25156.18049426447 0.010589906407673393 0.032708173801228674
21815.91662962074 0.10505359321898691 0.004853632146355109
5493.275553000122 0.1372487605725118 0.015326691817380307
15270.39133220484 0.15786067568501436 0.004834142722276974
17552.613387171943 0.1243177788032608 0.019342728828341538
18310.538134960712 0.13111400850542124 0.019611567766802753
19777.405715445726 0.055836460330983766 0.020646121055537387
9202.293542767835 0.002000228134058018 0.031155366152426863
22569.3952033606 0.007040717236200865 0.010540510543282469
24922.212634111384 0.1449002738991039 0.02385731746339941
23180.14240537154 0.04744599391928524 0.004480833166298528
83.6038208583826 0.07456332956762124 0.002482203573261205
7910.330786328163 0.13887982413947494 0.021792362365858995
3562.161258309815 0.020709071102976893 0.00827587841653312
17099.304500653056 0.13796448431566272 0.006880309768961536
11578.860625848733 0.1149541011160923 0.030313369776177573
23210.519066725694 0.04173421714937521 0.006468448261924789
23723.795633852213 0.1116711425298593 0.0073716343353881246
17416.244569835726 0.11603484393234169 0.012566687615734779
2422.7738197171648 0.0468850452733358 0.016987343822829456
18639.549728493635 0.0799902698728844 0.024319041300537827
20690.453413070634 0.15088765857242956 5.404079041584279e-05
10005.599528055289 0.14948258022097496 0.011820010748673329
17802.650942938228 0.1675519203777625 0.022298847867422332
17922.357918170084 0.14670909499169596 0.00930894714095791
24811.182739898595 0.00628633925226992 0.014359871851463818
2961.2216963155793 0.16296337221959054 0.009957879249237356
19968.201182023837 0.1571170128414569 0.0022771763558535624
16555.793029926524 0.0823266150994105 0.031975102033990975
12073.1644374733 0.1256194074555859 0.02519245882027658
7569.732239772907 0.03125257910764692 0.03312364312191598
19149.80905028213 0.09259924379083251 0.010175316230591144
11773.109407266666 0.1708041794592933 0.009073545293175278
9917.727130491498 0.02176647277636415 0.027305301412065847
1442.4811416877435 0.1665172955675466 0.007698687642099647
23801.338029537 0.03895620555200852 0.01558699011830325
18975.28059936294 0.10909620391514663 0.00025796976452794517
20060.285425268357 0.07256127615208949 0.001707265029905487
221.95942722400173 0.14737141283833063 0.0003249568004848653
7123.6180403585895 0.12301387738306557 0.033616682606239026
15670.815114478208 0.15504669553923128 0.011630556300577695
6796.594436157649 0.0856729868547224 0.034699097692044545
15575.81231870127 0.023425043952746055 0.03320208829614833
16195.882421813498 0.03734738976639409 0.010226867171837606
15639.234697543823 0.06019657673976887 0.008607610323414646
3367.928208939888 0.025555847674384697 0.0225718064238685
10873.500376127515 0.05025660824309333 0.007934982810852413
5038.355070957269 0.06691165043647322 0.02224516010869958
24132.722765825867 0.10402303112568634 0.0219281186443691
20703.3394512874 0.07625676583683855 0.010748235027678235
4957.153936846976 0.089241699165195 0.0237457452321353
11787.925568825694 0.027367219549047545 0.013551700209286989
20256.863036519608 0.08497789407844598 0.01801041710738208
1625.5263109479922 0.0912767354197518 0.01551019404995022
19002.579700629034 0.06466840841283333 0.03361003086393629
19802.438095093592 0.039345016679197306 0.013684774614409657
20902.94863115013 0.0759671128147841 0.013208182221512281
1434.1882059819086 0.13271405792558813 0.02182726210266235
9929.481530539426 0.12937506248791505 0.03139808097755299
4556.410210213014 0.11478218418498502 0.033552886496794616
377.37105530312687 0.07375324842915035 0.03390716689837687
16513.544459835426 0.002715194714854755 0.010178965542279119
4477.966141114185 0.13919175068086775 0.025271564312136327
2842.8040223095672 0.13787985265430913 0.01589843694371785
7964.776686040603 0.12285823244075687 0.0032427473965168053
6121.142385424278 0.026723149039197498 0.03157222915261271
19594.976293963853 0.1641899403802331 0.011322876729933056
24669.025309956894 0.03927319577731376 0.023920625879334412
9966.330067193807 0.13491964243080468 0.021385176623811637
23997.99826725324 0.026692569715366602 0.00977988065656109
17689.069009690906 0.04155866341705297 0.02256690323909446
18346.276464468214 0.069723341668466 0.0236083824759653
15202.977255271728 0.03578319478175673 0.004510042462232079
7066.903112267119 0.1484957734281864 0.012931295699738733
20808.615563454183 0.04168431525866393 0.015719878886426272
8969.155728898395 0.16054225640636938 0.008447416688378845
8219.64655169259 0.01938293730656351 0.013005870679455302
23541.519125647774 0.14750639295480142 0.027074947076896567
2259.345349745956 0.06372878970833784 0.010986786485636646
18097.71680035459 0.0006202162325586783 0.03274592697030824
11428.520068475844 0.13333330630566126 0.01714348507352515
9589.806512959904 0.1646926940462911 0.0028715437516384844
14602.59449705715 0.059991611917456736 0.023634849770246956
15560.432321644743 0.028448776485662495 0.029998062510711094
15577.769572917205 0.14458013058531363 0.0025217444704388097
21476.71904852294 0.14881617694200544 0.006308009108041838
1540.46007894773 0.1606187167286065 0.02661157511470718
25236.852867550224 0.07025699061289538 0.00023406261341462584
2111.992246915771 0.025182446392368257 0.03445059033090416
16107.54211891855 0.13290584645740977 0.03283753821451334
9734.295276701638 0.04931574464888675 0.0031183250101114906
1817.2546947109968 0.06669071957753026 0.0005002401424929542
13828.645952191284 0.03441141475675919 0.022656303075983444
19982.342360694653 0.06583334713607178 0.01028524617180671
14263.048067993182 0.13002236971628867 0.0006382779883865639
18340.67492189149 0.07565771207700094 0.01886162231847334
15909.299142926002 0.05793487802897716 0.003612239197538847
8083.415051118998 0.07134157885673241 0.0291282235482786
1685.40736849052 0.1374935676650783 0.01823801868044315
14838.17323316679 0.00032775933108605875 0.008057652683802916
978.0386935388943 0.02597044013887815 0.007573919727879471
18610.58041257548 0.10702975426590254 0.029378438575049994
1295.5079365269291 0.15033141631263203 0.022796883554446375
21799.33785372559 0.09504045311502704 0.013004453507489985
7411.966934920908 0.12862296547934646 0.0074653457126609025
10165.498117778632 0.012750929384380586 0.0005321261291364538
2028.5833621831025 0.16767462239441155 0.00030064339645249254
24526.511989520513 0.0810661039074114 0.010854731914486507
17134.565674503778 0.0233439117135576 0.019413893895231547
9338.236253290044 0.06557835249952887 0.013552468490187786
18289.432576693045 0.05860968540712557 0.027727801239316344
24644.864841886407 0.16546330351180413 0.020107800487923173
1836.6941732103603 0.0051250935445894515 0.02962549511257901
1886.2149662181262 0.1251634263734388 0.010882201371807064
21434.68533740075 0.013458828730477665 0.02273102778878558
7538.571347861644 0.09312418105623711 0.02212112011020413
10967.710868225297 0.15913614923090047 0.02875470657292089
22022.432709254557 0.09326963522590764 0.007840222273696951
20951.1259118684 0.05165275623984583 0.020923161644011347
2318.8963339091592 0.12847517309642498 0.0044902672700184495
18188.27351678504 0.11034120923204443 0.021120159116943697
18258.603453819345 0.018506535356597083 0.021364849037617532
102.88044094290431 0.14948420502372314 0.009583268473635748
25149.072685416068 0.1419752374923855 0.003209851796110528
13092.763443422255 0.01433394223366296 0.0160501716453583
6228.065748911737 0.09036115716959091 0.017093226509081287
23397.044159775156 0.014418252874820748 0.03262844619404821
2665.1283479864055 0.14160940987097956 0.030650147466316675
19568.88688859025 0.1366489023896364 0.017769123580076627
1814.770903160631 0.12697118783505623 0.01868834509248524
10339.0618836069 0.09074715041340645 0.007106995709638976
12065.474802368639 0.14151519730434606 0.030277568346560407
15255.676298883991 0.10750479211048998 0.032002248930709805
5544.1324301804125 0.03227654022823121 0.012735805933659763
8001.954458952143 0.12907580633543558 0.023702553986880225
24460.724898453514 0.07920453118142058 0.02547200366049023
15735.53156474004 0.12536068070963002 0.02324370062172568
14871.530154674469 0.0217402716823227 0.02023728040910641
20385.10715771794 0.14937733140080336 0.024570187532649397
19177.817303280415 0.06118653911065418 0.0012937283969969545
6983.041537826463 0.15848573418314033 0.0027395725927080823
18412.314456981407 0.038647655265215713 0.029130956385074264
8908.130970263675 0.16202517046095155 0.012560934826591872
17376.23212839707 0.0980423285238194 0.021375610077978436
127.139756729231 0.027430069831223543 0.026951818309009203
15807.640276331105 0.045132295949594996 0.01633106200884599
6790.76225330865 0.09543316458800526 0.026082103801860674
24598.7600065335 0.02373951446324512 0.023074670595294937
22810.263417893722 0.10292364250284146 0.027015271903620543
20699.853822746543 0.12039921827791654 0.02168304633495665
3157.105347875792 0.04335752370945503 0.0048876113092278595
9045.70105603657 0.08369864538934424 0.005825348264645455
6605.137677647015 0.0013504563461033102 0.007610328760524797
8164.860780224409 0.01731572222504581 0.011839935440330414
14282.162022597016 0.12686864755698127 0.032121038702540954
19252.118996740166 0.024997520109115098 0.026847656913765335
10850.461895952949 0.09976971396108539 0.02780806419599465
10705.455085073861 0.15445369075016926 0.017115875437248466
24367.601054447816 0.01574787340445247 0.0306989397270826
822.3157072403202 0.17246204638575766 0.02934143242911254
15059.006762770523 0.07842173579169077 0.0014371752350827
2974.104528206991 0.00947263211226643 0.01814168189914269
24050.887903812043 0.004721733354633813 0.026650678680194908
16426.995959779993 0.006792429317834918 0.014906432202095116
19403.057324532594 0.12368149317015621 0.006959474531208125
9244.28992941488 0.00764512344922616 0.031512029594844594
18187.78660022984 0.044892426716005275 0.02465096958186713
18423.952500978336 0.14890444506722075 0.016812243935018067
12672.277997859996 0.17270270658084208 0.007386817077428254
10297.211085255918 0.01669618710231878 0.019489418208500642
22559.418420604263 0.07111748938204086 0.03284118368727966
2923.965731196539 4.318057532623789e-06 0.010321463541433902
13061.416096841414 0.14026048877628977 0.029889913035158373
15500.568119741776 0.022030230788141054 0.0230410558911704
15918.396562648642 0.007761506316863712 0.013453425731355785
24585.385129503233 0.05927191581930995 0.008842868336752371
11292.246138402807 0.03060575927634649 0.018332297510938025
7508.855676370658 0.008762232704741649 0.015120966478789992
11035.712400383107 0.06541840792457562 0.008849609679466696
18674.64159163811 0.1522123174379861 0.0153174848348064
4535.79701003005 0.15246724360612784 0.016448385668020423
18020.91650766381 0.12016257387898582 0.004043802934759904
15319.128163226736 0.13561832237367058 0.01568972209016472
15847.044321525067 0.019615646280596345 0.016291942603695438
9313.096370042598 0.15221693009432255 0.027498439612768523
24362.207467909782 0.011959054936742644 0.009315598727442373
8759.82735552674 0.03395111626308732 0.009874155520693033
6322.677264555381 0.05581570210591366 0.016111443665162525
11454.984465208887 0.04838501832556066 0.005468322998914376
11774.923654607715 0.08847964185370595 0.004068355970263994
15547.255228132242 0.05838891284599827 0.000744243990126582
2153.916233601168 0.042909211713369526 0.01756062557644074
7428.801448280207 0.07310130274845061 0.002714454362555048
11546.574786737205 0.02224486341579182 0.007194936005752182
13982.66700161438 0.1590390471159028 0.009223854190825203
19347.091533211602 0.028865108466195465 0.034042961183431995
19621.544659533574 0.09809507785708486 0.015598995297082863
21932.69584711631 0.06086778706484643 0.013599711141566254
22411.64829113758 0.16439938486701572 0.013087871797533313
19777.215380917132 0.03334560900439186 0.0019957301656770192
4010.29317861088 0.11139312915084708 0.020933375042978195
7533.812001940214 0.16267647715331035 3.625336146319012e-05
5227.646405826423 0.14261055858019328 0.02182395667361928
3512.6876109273353 0.13140677236315723 0.010757657905207616
15263.041147135944 0.12614134143014943 0.020033312775144686
6223.743979230639 0.13223820125920271 0.03379814495758074
22189.55852939639 0.1428215095471637 0.018461801397700997
13033.570864744752 0.06817701949972933 0.004704705969580697
15978.357807530856 0.067525528337849 0.0037699576174494466
6753.5264827012425 0.10056172124787989 0.023290651575513226
16114.34905539237 0.043887851749673794 0.031233066884175785
798.8007039697646 0.0900067651139576 0.023731320795829555
22437.53771242008 0.10978411190935333 0.02325813129727135
12815.630133266517 0.057425025676230125 0.03369256171417468
4612.004320865345 0.049487650242007436 0.034013483627264016
20307.291610490287 0.1385469310451333 0.0036247181257312595
13665.937561773078 0.0232778663237151 0.0237892854244684
9836.183340921438 0.0356967108941031 0.00474319776637424
22737.838448556304 0.13631038256167513 0.002028069284253774
9539.230206086178 0.025636531527850833 0.004091562507457593
22362.36645121951 0.08075053322250178 0.0262830180654641
3363.2186688111115 0.09575519230041131 0.00032209764496758805
18984.292145555166 0.06643012765073716 0.022021390088031972
7390.525611894361 0.16164751104047886 0.021687910027750466
17713.27624452895 0.13498846311346688 0.007212053484079768
22312.623543757472 0.1173300686701566 0.011250755315633904
2498.064781139945 0.1422184578530356 0.02657031599087514
24834.659121298842 0.06327976997699945 0.0004303719367257202
13922.754157236934 0.06059625498018323 0.032228947931891044
3282.225129872715 0.1095636288838043 0.015377501578353247
13856.056389254145 0.11347009400871828 0.02329777155157519
18608.06926293379 0.12830414084892663 0.018575526812331915
10916.244608841052 0.08079462946391994 0.027516236137209226
19405.818316956265 0.09491690407659031 0.002630804890316608
23964.180421338697 0.02907707388428758 0.027528491471763505
3804.543651033526 0.14659498314031702 0.010762094306072213
4281.943183107378 0.03516804520259306 0.03302001865400767
17971.623783042018 0.11737451753315363 0.020939473744494414
1746.12168086686 0.027322243099886293 0.021131838924255516
19852.967650928418 0.1355064369200216 0.012018122423218557
11648.972807915163 0.032819846317031644 0.033884493913951576
22931.54508982718 0.11385954946709281 0.022406077658217376
9676.01462500233 0.15704543785863448 0.0011018481852449007
3993.726294112868 0.11766567956088254 0.031096411159351585
22740.886737075605 0.13725155980906517 0.012635061885732074
25000.503395199226 0.14679451938391447 0.025326788711838754
17976.36867487233 0.1350926259425643 0.002245853668376873
22577.551131563112 0.036108160456074984 0.011939500502155238
1487.7773578912424 0.001709365668586194 0.009190972126018094
11861.805637463116 0.09001986487241515 0.033901828601654395
22150.4387979083 0.03933525943132057 0.004386593668495844
22405.78538863822 0.06572505197884697 0.03046272179922417
19159.56439072896 0.027760800282290568 0.013812346381020104
5734.055221855024 0.14393134519601708 0.012753131229350128
16958.994587351273 0.07198007022875516 0.028527282461411525
9398.696544765124 0.12883721777343607 0.004612571840639347
82.51709302288053 0.019566752563720074 0.015090210923042191
13584.24590622726 0.08978347184644288 0.033649495776907706
18402.876030255124 0.14037292132164342 0.03172751047036769
7905.259239221288 0.0658523203442211 0.03218835105420208
16659.88740278198 0.08065070677820524 0.014978210616949199
6966.453708154002 0.06959310987213448 0.02638051876224395
16077.321263299198 0.02964517062855494 0.018925790752045233
2949.061725898045 0.026489846224335124 0.008118591398201688
15101.829814305442 0.08366751635242281 0.01336436920716393
756.1298829525206 0.1584386182775618 0.025270214806568596
21310.88875265003 0.16178926702123483 0.007274933858897833
18780.113906859497 0.14724263698433487 0.030364833314616826
1486.2976920760525 0.02757727834898901 0.01697444428887583
8324.492959596506 0.02318803659413319 0.009738743233993263
6058.06211726438 0.09405698525247398 0.027742032529433133
15189.535211883816 0.13596988453186049 0.030817372865049365
12988.779904961924 0.08269126730100812 0.0019480379180703857
1534.4011856033012 0.11620889158634423 0.0031749640229268798
9968.301690364 0.015112634587737917 0.03129973466373367
21614.861700784764 0.15145910209210608 0.03355139980530982
2455.6478236603953 0.10965754836368807 0.00712145705742459
15152.40230605668 0.03595317444281891 0.03371646018833431
15866.282733565939 0.1154198043125128 0.02094499276922846
345.57006863213354 0.08707071335162732 0.028243369562493962
17217.545818497096 0.0828801302270433 0.025087225403773384
23099.70021660603 0.04774746916791985 0.022092461380126275
15495.84845183857 0.06175495427134283 0.002014316882466981
11090.28180550126 0.003429012400031266 0.006053278627431827
23528.733437584935 0.13613082106726185 0.0009451439279526878
4707.417929552395 0.0673946660110964 0.012927077027725758
15722.710924788782 0.11186566693630465 0.03327217101948053
1764.77595003741 0.14530780359215495 0.013299903660927436
3735.6169712722226 0.08244452800700447 0.030323004814661738
12340.887128485996 0.1450834174024841 0.003592042043701359
10918.948832384898 0.07100949200649814 0.012134138830168449
22274.3296774699 0.01726838908225302 0.02601327200400521
7284.35576681862 0.13904198408344737 0.021058070581651742
5698.020837840006 0.16375778596885512 0.009903546381418823
20287.876615313446 0.07187005266461663 0.024572884884822118
18050.291916787235 0.16203978106695469 0.02192774173791799
5242.01839640108 0.046409571246474456 0.029297902887049445
17038.70083869333 0.04591979895617376 0.03454123279678436
5587.169500412324 0.09253026861050442 0.015189447396034133
16706.282655486244 0.11983241647189237 0.007891940021953614
23036.323610341136 0.12290851615368939 0.018849060705486965
14227.219978847224 0.04834233158403262 0.030175658908091773
18264.953566150005 0.03669375833285112 0.02114430488109128
24854.94161260157 0.09787436347750798 0.026427963913739107
3040.9373577470624 0.17032543365462474 0.03325654627701859
18039.358092663206 0.09739030238899513 0.03461985295925733
9646.646359412141 0.07827481044428748 0.013755194322297453
2441.110209897936 0.16315524805005222 0.004800606446448341
13769.346232511349 0.051267254989346596 0.0031075865262610363
4961.974982639701 0.0666813113999635 0.00940252206703295
20152.29042156254 0.12403636423269182 0.0028723344017574956
16108.364692527919 0.05791824693385992 0.03467660892657996
12011.673979394394 0.1510467256786272 0.02441769745451955
23982.018995422255 0.09532901376965079 0.034500379689616195
17861.416882706417 0.00013627944918009736 0.028741730051938773
23976.8696149566 0.16568821456802985 0.025419241422870335
16654.181784843357 0.1317296958133517 0.006303201972848631
19985.461271560394 0.1258288404279725 0.003102483343554432
22776.4897981295 0.1043861643557269 0.034102807561207406
72.22479822986091 0.02295005072673181 0.022780422949885398
10927.647601753493 0.016105276797485135 0.0012867395615771117
11522.785003555937 0.1711948278771199 0.0003483726394393988
22722.505663985823 0.06548866728422958 0.014452775859523856
9366.767679322626 0.04854937601793468 0.0066279698072515495
19742.280037112196 0.023459167286227853 0.006402688194259021
2093.459502784391 0.07651331593223257 0.02459577263227748
18190.296484125887 0.08492476825888687 0.031722827551750425
15906.648427136523 0.11300377202400748 0.003185565716658437
15268.036846796955 0.05071540673127496 0.02600554363144225
2606.679028443033 0.14885066062296454 0.030474593000957922
13441.965617761896 0.027408485053475807 0.03313974083194203
19853.016770035956 0.1676496038852837 0.02355480645607109
10971.287382633109 0.11510221338822586 0.006820290812439801
14470.552385685687 0.14104101853942275 0.03044447748486565
15976.362367880152 0.013564319772182733 0.01342629365744764
17098.679820860176 0.09814894358370782 0.0260926206697895
19644.714309007217 0.014723031922421801 0.024391896749461794
20855.868109331877 0.03204941962836142 0.005591720030864755
21878.200125579304 0.08450310794404665 0.026749983572807255
17805.244693674413 0.08898332839515032 0.02021828644422352
24632.775211384847 0.14687324203473287 0.00644254014653513
21834.161415930037 0.06321011043656692 0.0012656448686587706
4491.053800591926 0.06008322244508031 0.015547472053520922
11757.262610998036 0.048363558741654336 0.02767642700818761
10346.265087689642 0.026833037264629062 0.02245232890109106
5395.860864861954 0.10740104660430169 0.022728465980903143
2463.4686609100067 0.14334309843139142 0.015172115732565368
2140.8350496916196 0.11415857646359126 0.0018824876650266808
21236.154116230904 0.05858363971568982 8.615776185656733e-05
6587.981640635294 0.00999385782632092 0.003998358473473898
4679.082670569589 0.09042277701871211 0.014444852496241256
21752.048420320178 0.011124648545444267 0.0019243854795284567
15682.742130267858 0.0572384132720677 0.015678736665324274
21858.896755284935 0.15724277832516703 0.026095080818168026
21063.778511345565 0.15323774849247734 0.012708644537856181
3616.332942004148 0.09117349506388933 0.010092101201889584
6987.712017686345 0.12384100699032796 0.019013101889669343
5173.2683041024075 0.14083497630884415 0.032066949497704146
16162.761072853089 0.10282082896060087 0.015697703019558838
4555.072380428142 0.1345320032458888 0.018201578773314603
21542.57555978021 0.12363945255602794 0.01545665778881842
9584.136894537565 0.06974905688681474 0.026737020694574783
12978.136043682074 0.04188386627562759 0.008714614415239385
3031.954740361692 0.004097285526129278 0.02715264274170982
17095.301554209604 0.05920556743974394 0.026330820314946945
4455.912076026524 0.0833747739127823 0.03216898863604243
819.9124644621277 0.02271328948132112 0.02506932714251386
12634.593711315621 0.15338830605197168 0.020840784976540728
366.87590629246085 0.07149048221864338 0.015456253417820512
15132.582388255178 0.037432004237385866 0.02589699836421935
21873.356511924492 0.13286536568798865 0.016815597721219076
23565.85610504689 0.09491013198321527 0.016234946833400144
12168.655258646912 0.032479682311541615 0.005149585873218043
3267.778940640378 0.10456458600207016 0.017211341329631355
4582.612686253754 0.10424757887928937 0.006474050803355056
22678.134875973214 0.07112466392114082 0.029151482409838916
18040.889502409944 0.14874222869717232 0.009707783834337406
7776.007778789018 0.051086475664277355 0.020103991111467687
3263.4434009265847 0.11958096727889479 0.004080533959806489
25011.366065576025 0.1741518498701881 0.015306934983418277
6797.500354762702 0.03964884617241512 0.0013792303961455222
10448.039898195173 0.06421276170664454 0.01016336807191877
1742.694730772805 0.1059744605125321 0.004679084820144951
10936.992676041775 0.14445498768167572 0.025298426558230766
9547.898968686934 0.0034941352627877367 0.014413584624426207
22215.825656553898 0.16814941993732016 0.02206062924265428
7674.338985605839 0.031066327692582933 0.0017297034567980683
17020.71921447728 0.07127453125383584 0.028199868637890597
13462.455506206676 0.147084778677319 0.03213062476528517
5039.842752571491 0.15420601558116412 0.033179726875159556
984.4784480356551 0.012151505687668415 0.008146934131301225
4913.094859291821 0.0657734850929285 0.005190224356590039
17952.421540306987 0.14394894537969116 0.00796179716558558
14969.577083889826 0.03424575604269174 0.0018267924686162244
23588.936610565037 0.13820047527934717 0.01439484920155832
899.1375307611698 0.01618896692181654 0.024936348871283407
15685.603710435993 0.10483881812432423 0.02158051369269351
2816.949263911874 0.10857248901309818 0.0273889026480187
22352.694742528758 0.10180849968926754 0.019493491164017655
7880.874552997362 0.006038812189922513 0.024699051518835412
8351.24347329372 0.040225662919031055 0.0184492115529172
14177.149587193451 0.13672907733486597 0.032489773074221
22361.26749390409 0.04925194652191543 0.028000290364783693
20820.821968236134 0.08980241604009732 0.014821684663062794
7975.232963700234 0.16643002059104842 0.020719976515514337
531.0791277887315 0.005676195395777861 0.014215404703597142
25038.44862588838 0.0829150962712448 0.02138421112631723
23066.15467144319 0.007918860224901788 0.018350942873829372
12375.048644153929 0.019898413548544647 0.020900848253816617
22844.475164139913 0.16498213442475917 0.004634310670656218
16810.210909066995 0.09102848396040848 0.027156351484548494
10046.794942106153 0.11645209886428952 0.005491460909240719
3644.9222695269023 0.14591512010259688 0.003864033999094667
3864.226330891952 0.06730694976930118 0.018781616510119812
4831.258531700641 0.06127438652685545 0.023640770795745666
2414.4965800101386 0.0721894886246282 0.010318682204326392
10835.325636847447 0.07081732778779605 0.0002858979838441908
10700.610486719863 0.14184887516484046 0.02971343892221989
21781.491332982605 0.11993614143373713 0.0007992127564534509
12528.84525638307 0.10635484416423642 0.005884088076249952
13851.973586834236 0.11957011145984914 0.025757944952574673
11486.870828063205 0.11758625312317296 0.008866358771451857
11732.001002379753 0.16946368567911527 0.018252334733207504
5272.819806236833 0.16288529567345056 0.006533764313295968
21585.89005622944 0.034104084656146304 0.023172068990834373
24140.375609679762 0.014872934596086799 0.0054747032193631145
15159.32701131611 0.1562115367607871 0.032838608411576986
22784.239421751518 0.013463167134383343 0.007186380176579961
22754.79494387696 0.12190340711236275 0.010521401949238932
5051.952497646965 0.14076846465275633 0.03390594700561387
1057.2006933747523 0.1521711353951722 0.012222486785765534
14045.601439677055 0.15263236447869125 0.01312963903630342
22690.255723655293 0.09523127220746289 0.02442541017942994
15913.26788079339 0.019454822575748956 0.005490641529893676
24722.410775435477 0.1630734718417093 0.001060320832788712
466.80875010667256 0.1009416573965923 0.0282409588342365
12017.906462343117 0.013999171143573921 0.028280643070239884
3612.573256687356 0.018766614783254983 0.011699429215888279
8822.702401191656 0.044038228249192554 0.018990492293889653
14255.32064549634 0.15408431916104892 0.02466778841761812
14053.348979424441 0.01716300731745614 0.03289372321355989
9874.48648350393 0.16376232705279395 0.01829243284901905
6014.888229480014 0.146924497867597 0.02385640201309032
18032.090131606452 0.12804924397112435 0.009717359289080144
18211.462551361707 0.07220962695477279 0.002921805188008297
22697.430922307678 0.06000527180782902 0.032783086262061764
24455.269225878223 0.12596896077257688 0.020632873128174845
22227.329483423982 0.051107432249549785 0.015440338484908984
13926.019279555629 0.050052438956117364 0.016133209193343805
2405.732604361547 0.07639180996971624 0.013250022213691648
20699.525612293208 0.1066339924098283 0.023968830631454902
18725.55525649446 0.03068661558956594 0.013921504501516508
3107.5234709049305 0.13236080006486836 0.012833621652098419
2963.2516348102063 0.056538626173322074 0.023048297442898418
13816.328089093084 0.10370890279995171 0.014262761933322874
8126.190013245537 0.13810072914364402 0.013885238344981557
3578.768500993232 0.06491217705806177 0.01141934561785396
24343.587194118656 0.17066893089521407 0.03435868942922749
13853.965767471698 0.06425851441709544 0.006502288449907463
2835.2930365779457 0.06923023667216822 0.014068431643133794
25108.564408234433 0.04415488250492351 0.022561986751176592
21553.198876529703 0.14837440111820605 0.019313455108847816
1622.5991610219594 0.09309663672783063 0.002984026846909561
7149.035178514855 0.074352242976613 0.009535676703669716
9148.423484425406 0.13298110415912806 0.02568556594258155
4919.6828527749185 0.12000219857015017 0.011729250727637263
4670.804962042053 0.16264902756081115 0.008746369372269627
2944.264833713692 0.10531181401574477 0.03346765331784699
10130.578512351098 0.057249057314043866 0.01892627073738711
13791.930106063746 0.05494830299458908 0.017593457532178697
13957.819141015085 0.0628384684742238 0.01592290913247628
16236.862772525077 0.040317436741686204 0.021273625419213904
16262.24643747667 0.05729065075396027 0.023842478747100382
25119.23418437763 0.14834079450399235 0.0020748570242639245
10297.69571192536 0.08279210176903687 0.006381759721097258
16739.906290633357 0.11115292512988541 0.022436038318170745
11153.608517047936 0.014412902054194621 0.011700274825405064
11410.931956594799 0.13954169644886028 0.03149549741259694
251.61928303411486 0.10855238941194634 0.002144006930193742
2890.976654438449 0.1007070262311593 0.006851875583085962
2021.9267496989764 0.061928977337243396 0.015475713455350997
6692.004670722233 0.08569432703526962 0.02482570910508805
7552.661768462178 0.014829333943580204 0.03110531883757422
13994.415479837095 0.08978092466643553 0.01852250941029053
12077.40985921054 0.1691895271022691 0.01307312951357851
4229.462618029813 0.09465872346195174 0.018118787411463527
11713.89915333353 0.1319121224144194 0.020038539507407728
21563.0904345402 0.09528873474891174 0.02685009250006967
825.149571006327 0.16592581834723852 0.014453065461874732
14882.081401325788 0.08484301078907937 0.02606258959896012
17634.735326247923 0.09493303939015225 0.019006194350716467
6861.731205559819 0.13800510274632263 0.009580353199670624
6682.406726085273 0.01455927853269017 0.02649131234368468
10287.726889744323 0.08735465440914995 0.02662364971432744
9170.83802909461 0.05020720272677547 0.005738999646986976
11793.627646324281 0.0755991898298036 0.0076840738884979285
21389.14214101652 0.09799228348795573 0.0002998076064145491
14685.558500070301 0.1231645018253683 0.01730554692184836
7018.744541988796 0.12594736204700605 0.01382638068033638
5100.783077422459 0.0584772970694902 0.020813942362570847
3654.5778792565807 0.15519444276580627 0.013301632912931663
17705.946367201883 0.14565303860688467 0.031542591163597415
14626.648176269562 0.10267506347065562 0.02462734530499782
16230.881696922845 0.06089813028310682 0.008421135781649448
25288.980914514403 0.03499138279331222 0.0180392136588921
11335.872793022738 0.11769262185163777 0.025792125234454014
8012.395126335485 0.018141520679100565 0.023411999519175154
15237.426542940984 0.09184304427164647 0.013802060660453938
1237.9964817287664 0.15280746373644719 0.021631047075446788
11716.813640528102 0.03763786456380085 0.032098083468147943
6342.151008351159 0.014122653344170136 0.030236388298638058
12048.178585318443 0.006030533039306597 0.0016214309572727787
24839.045546043486 0.008935395118583819 0.008596144327768595
12001.67341266827 0.05254202091356408 0.00032240038164955796
16035.919000735576 0.11579399096156702 0.002465242491383165
15381.58535311291 0.14894732714597023 0.023747760473024106
10834.207097596505 0.15762309843017352 0.02045444111833604
24433.495316480807 0.06599522289638361 0.019848799589167195
10030.757711818665 0.021832714898442962 0.0014800742912749942
1388.912327348861 0.1601474055218452 0.010650391463762588
20988.08316988952 0.03506089334430509 0.0318223327559906
5185.015467121253 0.12824482700172377 0.0037909570362632695
25253.075662313626 0.15630373573980175 0.012602564288518227
11428.197152058245 0.09888204890573185 0.0023499375252630916
18597.652568567795 0.024910203573934336 0.026308415234496858
1720.738671021755 0.0286806818329453 0.021400983245786015
17149.845104836248 0.0350450939639973 0.030407199427623856
6727.707397538892 0.13931127186400674 0.025626592356649144
12730.193626932027 0.1307366784805315 0.0005886360671941638
18666.47486875088 0.16914814518857155 0.02285991521125382
17244.17435479087 0.029894438751151803 0.012917833847743898
4244.860841828852 0.14506203370752152 0.0069689782446113865
3167.577922282099 0.12421252389409228 0.026826702320371272
6110.630917028637 0.005887584719607637 0.017581455499095545
19376.390802352696 0.08691194446427451 0.02736176038981767
22324.955549594 0.06927499636749329 0.007645633696562134
5341.985983839471 0.07831249453923778 0.012852644886390693
11323.574935625316 0.002988072732993981 0.01837732164117892
9350.486132712296 0.11251018144326698 0.031549453108980455
7295.7921430684955 0.1634174014880715 0.028477245637972725
21156.700406276268 0.16005060166463064 0.03195198580660855
18074.60070186658 0.07409892009931396 0.03279715935537879
10423.701899461392 0.005629769290432543 0.027282848412165245
24840.013671933306 0.10392132304433684 0.029736621029965847
22713.376896986716 0.03660911477573347 0.03366100351910268
8897.322448660449 0.1587035294907675 0.00880881012312626
6433.658180622649 0.08364190772933484 2.7110425169419026e-05
8271.802398320007 0.01179681606815472 0.021765167979753655
21910.769821494883 0.15833962306060848 0.01519245341122289
5969.997290380167 0.16316569791792265 0.014161306612992723
7932.6931313941195 0.031751863476755425 0.0049741932636760125
6253.197290494538 0.09667383922119872 0.006353461875507959
2625.863008372879 0.04261058052263383 0.030641428744279955
17916.899140376805 0.16396947948596988 0.03011395950056912
537.3462057980148 0.05336450508450901 0.034294820215649335
490.16681275921513 0.025939369731478368 0.03208449895188766
5961.7625776822515 0.046143083659958214 0.024705531960912568
17469.921944060523 0.04279348389125805 0.003061858231581639
9386.78227775791 0.1658615678319808 0.013509831262223475
12046.318903767058 0.10517893471493003 0.008904672289385423
20442.78663703241 0.10784425255856969 0.029726822438000847
10701.15673385693 0.15686139972129629 0.012784759920166502
18918.63332020621 0.09874125628675588 0.021518424046092364
22893.53225319606 0.13005782636832083 0.03384608005833833
19705.984748400726 0.1684553363673207 0.021952924992893655
24436.686222181655 0.12182110991390312 0.02362380276463652
15862.64136423598 0.06087193596631721 0.00881145339935981
17057.228416484148 0.01651438478776383 0.028805785008921555
11691.573987249667 0.15101535821142112 0.024649361566350687
22604.139276486407 0.11779450608342158 0.021246160669311204
12043.716635564973 0.05415342290815707 0.0009138660602069333
15911.774275036942 0.1665730622070669 0.023455225659547614
2602.641705988751 0.019961300867159415 0.0012706048274160769
3063.3392828044753 0.0529629310015413 0.0005994115361611035
12756.237070892692 0.03258852583809457 0.031379005104111984
1979.5532640391386 0.1040192500568014 0.0158562103730083
21229.89104397167 0.047309697591299125 0.0030882731405934218
13911.86069450504 0.10760813387458146 0.014774819694680265
19675.002427772422 0.06186312993471524 0.030750554228750615
3262.006557655942 0.11816411349208088 0.02918596581098386
13679.09281371099 0.03704785976819722 0.029824091968816163
2671.783952731283 0.1611619480445574 0.019750319063639717
8064.619334105333 0.06238500363725458 0.006854434212864432
7738.805013326832 0.09908288369745974 0.0306110578588604
5355.8887092957375 0.08891547365688157 0.02219701376983294
4214.550034525614 0.01417680538968118 0.019707557331593642
15533.194307269709 0.07649291872902789 0.028497512934414233
18933.098877692108 0.09910372929742664 0.01626649188445559
4352.837332976757 0.11524232293262844 0.02098421578756858
21505.546867716042 0.12382107057707012 0.01785773632809789
6089.920241647751 0.07146240932042756 0.007856486738735798
15186.593239972357 0.13344192015762954 0.005990682317263165
1991.3932015971225 0.08853747591670987 8.030555183211712e-05
6008.891800426219 0.13310231189283223 0.01868102990843742
6054.733899457873 0.044145132189157485 0.004474998509463474
6120.715707922386 0.14053767764483815 0.005679380610891375
19515.54620414838 0.05900900374019106 0.015427152360495765
1061.0731957671449 0.12660720003757003 0.03349980464439292
20423.79210591859 0.1232807552283775 0.021843879742290302
17986.21691928667 0.15971808847228985 0.02756416575959888
15922.210472216946 0.05349945569849031 0.018570939010711898
21928.948451649296 0.06186445655765173 0.02983620408406808
20978.01278937586 0.05635364337082265 0.00251312228380534
4562.784964227504 0.015447055437414437 0.004309306275311873
639.8985616317876 0.10640931240604848 0.03215239027736789
3208.73392191055 0.1611949934478203 0.024507944660279977
2334.193005527184 0.06397277186176029 0.025342356689647245
19365.98995117762 0.06719191625109495 0.005806795490849471
8178.369926243429 0.059901858368810484 0.03297060198294584
8400.555282314634 0.010780244853293307 0.013377372714434534
20811.254487919647 0.15089990215669682 0.00977623837401645
11250.769139250806 0.06058279983698023 0.030066687429083895
11388.257791025644 0.14907382006794803 0.021669500657631718
9443.269677220942 0.0763268123987512 0.026105550057583755
23072.895989771376 0.1328180492185344 0.013978697016751225
23354.620017978654 0.06706500195339565 0.0006822742556999126
6325.767900359824 0.025757119603082284 0.015600458470768281
3839.9556277657357 0.10075540080895279 0.009854406961076152
22017.738469523247 0.10135509233312574 0.021194671260424482
15871.415099926935 0.11271231717411204 0.03291326448765123
24789.643229384288 0.040094068341411895 0.009980094079834032
23932.77818333362 0.10159993348719572 0.023066460721847114
8029.231369937064 0.08045845725278282 0.025078093732566465
9055.744212670164 0.02184546738739522 0.0340142457200714
4553.1204135192875 0.16813041682133328 0.009071513501289577
15144.973995120397 0.07666594196545148 0.0023748642032541444
21183.91233285868 0.03879411645068178 0.0058062004557821135
24937.835368095733 0.13968465027658067 0.006409343734806773
2856.78413464746 0.07743025698820288 0.0032713467951544463
2024.8400772203554 0.1381841569169639 0.0019896612216628562
14571.100165131837 0.020783256408842078 0.014006386983025374
13482.595280763568 0.1384087914074289 0.0003227151969765713
5737.495517029274 0.004439458955039933 0.019081294190274288
24983.511405513964 0.035228875789704746 0.022298764218070238
15013.213091383524 0.06031498517840627 0.023840854671136884
14032.845501996882 0.014723919759356682 0.02651911427745887
9178.855132821764 0.08294035170954435 0.0014481456444572353
4919.292651027288 0.08441873485506998 0.007767983473861444
7693.264034543823 0.028574108020229406 0.023520028229764657
8900.681084309763 0.057664271664491264 0.03051050937631336
16874.001221821556 0.07750127270691261 0.020051921199032333
7367.07474752735 0.04051613370792183 0.018776722311537698
23407.283863896635 0.1244091899179857 0.03461528252150342
11541.979617183686 0.05413299255336571 0.010734925933288772
17872.10489780271 0.027948310820916592 0.008009537645127952
4456.982149763504 0.07535137751487843 0.01804279019963882
7510.387961075383 0.002272987245926639 0.025171948535247877
24326.240232356253 0.13231601691852116 0.015327420961377538
9348.76019255505 0.1581275402129335 0.01678852658153302
23634.905597279074 0.061916457914868446 0.006439617149343136
3823.971138978042 0.008024404116119068 0.01243311124380483
12394.264722003441 0.11276892124367378 0.0007195059673813171
3213.580047478004 0.049221472779556505 0.03266460176480982
11293.7304747473 0.15226485352607394 0.010272174932463308
14378.481161545142 0.08699184136600836 0.01375040449598102
16798.438503586356 0.06408987825635548 0.017123128162904636
22549.404145674842 0.1315120899376126 0.019870081898082655
21630.177507355904 0.09294792105828727 0.031005526752641885
8902.620115497726 0.056106556674467505 0.012335452480302727
11910.549296787438 0.048723865946634026 0.00836231533130567
17060.359993493777 0.10162868062210091 0.032185428082568183
6966.983888979574 0.07245777333635793 0.01998117575290271
22327.0166865844 0.008796038118234399 0.01618682639521078
6311.765703277953 0.0772297311172313 0.0012239940532116345
18247.346880472676 0.06135403071597518 0.010088476160620516
19101.453449275825 0.04716627191134293 0.011528165703583008
3422.5421765091833 0.12198571898683418 0.02443621691467376
18497.122431686777 0.050157513241266806 0.012223473536984502
6972.074167185939 0.005062680672761617 0.010123584346715554
13453.28706573228 0.012986860051469274 0.019193352046864596
340.1677199114832 0.051612913904231957 0.03285719780788801
10451.63686852011 0.12402007724326417 0.025085259180321395
17996.407073669474 0.1638685689223855 0.026215017352081958
1882.130475543932 0.164032896749005 0.023349330813948698
8669.978181458202 0.04871291035471531 0.024613409580040466
18645.335243027166 0.05401884470638413 0.0012113910963824311
11332.834618509638 0.015982330363704163 0.018141253679466562
11947.14173340729 0.10941012039396476 0.033646274941719574
8707.504194420435 0.10917408768639866 0.005787656620975956
12133.413031374024 0.03403446119572722 0.025686546534315707
2236.795496159418 0.1630509712057167 0.012540347975671634
17065.90037150205 0.08337684477000795 0.01817625710250804
22191.79896032003 0.12858487128085752 0.01198586113063756
19335.015414933605 0.04759940995516924 0.0026816460852738147
25064.731506296986 0.14108947925656184 0.005867858993327475
1001.5529083547113 0.05130036090234813 0.02847902565083281
24637.216541216967 0.09604159649091722 0.019764517107383348
17957.011934496717 0.09168566422313323 0.03305082552254071
10478.271779320221 0.13626554009521047 0.02684682688923872
8050.511316941807 0.11822464826656381 0.014329964046766978
20816.395825293173 0.12225786984655022 0.01587271502531556
3876.627261153109 0.05948474610199465 0.030580671331181006
1718.661271912562 0.16974093206205412 0.006825626017344147
22484.07906294903 0.021888043371769906 0.007514128666059543
16947.594296847987 0.013677465882310582 0.027191578224278118
11205.593958026533 0.0957088126157025 0.030751018964557095
10509.64091883844 0.014486423908630478 0.013960905584258266
25249.498917202636 0.030139785734302923 0.010527250932914314
12870.897837688955 0.09863445115127671 0.0036367332743576937
16039.810374589975 0.03861087207028738 0.012934581718127633
25049.25789583758 0.12061699975295258 0.015145470865289681
1677.5748827185341 0.034317607317246514 0.01293824048214225
7561.391976309768 0.025711155428690954 0.006716202723901087
21948.608143815483 0.17101424898965661 0.028280369647896514
20468.801637804663 0.17418694701254503 0.01596674992060241
5688.921240850982 0.09836649643608174 0.007703160451245972
23253.63753174159 0.02522419553433726 0.008200797483528251
3219.0496707160255 0.10219079782999443 0.022917107771030648
11753.632541712988 0.046596418513357774 0.026377461190190677
19957.227556861697 0.028190756364473345 0.019713270843062757
15190.111481313532 0.1528442530865284 0.009002436612884558
4893.82006116194 0.14490190267105363 0.031069144903626666
8853.16541706584 0.0076920340258664925 0.009035976289598305
16749.3853288396 0.030754117941719318 0.023850529790650707
14368.766249195965 0.05364193218998673 0.011614165196199504
2295.8398910482088 0.042312187981009504 0.013422144563612253
17041.981446939295 0.10766101966019695 0.03275976354203354