287878.5608664811
85917.4809747231
27456.443019004473
168489.9214492417
97827.9901119291
25118.310856501474
12599.103609339958
178358.0504059366
134412.12594997825
171751.84488129296
10443.314202483678
67341.10049448936
31133.8925562919
54874.828902562374
270433.92485840974
16177.265918250005
59699.53383515146
85333.0903734525
98376.93581922712
39766.12186798861
229507.0992655376
54066.47898601276
62669.66721702251
29657.882624966955
105396.8878883037
238863.692852489
35114.212401295576
276158.4010666472
237932.6322382917
49422.17136509197
315961.7628572107
71373.16165183451
68812.53162201868
147727.10854266895
19927.827332470435
105641.29992972768
15531.894654913538
4942.758467752717
12233.748218809178
106011.26284195425
59652.52295347313
129090.20163253578
276654.60827854776
65879.4952276165
88550.86980734937
167399.47087624585
34026.15290163433
268144.5870822439
154264.2782189825
263672.8672979371
58212.45652270532
42621.856714037516
268758.41544062825
147226.81146641413
266579.8023744344
295686.5454500941
296581.2857653294
228611.85857025566
177628.39422051303
117022.0816488195
159506.61467410793
121510.98695882014
270424.8097208413
10297.52435209619
72018.2140243208
74783.28925102873
44057.96920747778
59787.546031097205
40937.23880548329
84035.23149995494
307563.51662246266
191884.01481080512
197162.22123583342
85743.29877809738
174777.56753554707
107315.8950681294
85878.25572097459
147712.42504333588
220132.03341169003
199551.51654164365
246412.4745020995
103368.76525547763
110825.57437587483
115456.80730479522
133180.2359154783
175935.77004666775
13349.089260317574
245464.13224997043
19630.810274326217
285711.76168638223
88234.42076543924
247717.68837248845
34767.225725801094
31377.255637910777
18241.129116463715
96531.12414350246
137417.13019789758
314242.25155029364
118407.7650237154
100401.53387379588